BlockP2P
0.05, 0.10, 0.15, 0.20, 0.25, 0.30, 0.35, 0.40, 0.45, 0.50, 0.55, 0.60, 0.65, 0.70, 0.75, 0.80, 0.85, 0.90, 0.95
1135.07, 1454.71, 1619.23, 2007.80, 2173.89, 2286.06, 2418.35, 2928.36, 3220.19, 3349.48, 3460.25, 3635.78, 3931.47, 4036.24, 4157.19, 4252.88, 4368.18, 4443.53, 4608.43
Perigee
0.05, 0.10, 0.15, 0.20, 0.25, 0.30, 0.35, 0.40, 0.45, 0.50, 0.55, 0.60, 0.65, 0.70, 0.75, 0.80, 0.85, 0.90, 0.95
1371.36, 1523.35, 1617.34, 1692.07, 1751.86, 1802.78, 1850.03, 1896.17, 1940.19, 1981.76, 2021.24, 2060.86, 2100.55, 2142.38, 2186.50, 2232.39, 2283.56, 2346.62, 2441.89
Random
0.05, 0.10, 0.15, 0.20, 0.25, 0.30, 0.35, 0.40, 0.45, 0.50, 0.55, 0.60, 0.65, 0.70, 0.75, 0.80, 0.85, 0.90, 0.95
1791.56, 1986.84, 2104.78, 2193.68, 2263.90, 2325.36, 2379.45, 2429.69, 2475.53, 2520.74, 2563.80, 2607.32, 2650.55, 2695.91, 2743.93, 2796.92, 2858.59, 2935.99, 3052.94
LRTPA
0.05, 0.10, 0.15, 0.20, 0.25, 0.30, 0.35, 0.40, 0.45, 0.50, 0.55, 0.60, 0.65, 0.70, 0.75, 0.80, 0.85, 0.90, 0.95
1095.27, 1311.28, 1440.37, 1538.09, 1616.43, 1681.66, 1739.80, 1794.90, 1847.10, 1895.88, 1942.26, 1988.47, 2036.53, 2087.00, 2140.40, 2198.49, 2265.56, 2351.66, 2485.47
NSA
0.05, 0.10, 0.15, 0.20, 0.25, 0.30, 0.35, 0.40, 0.45, 0.50, 0.55, 0.60, 0.65, 0.70, 0.75, 0.80, 0.85, 0.90, 0.95
1064.99, 1274.32, 1401.33, 1495.25, 1574.44, 1639.93, 1697.20, 1750.32, 1802.47, 1851.78, 1899.27, 1944.69, 1991.12, 2041.09, 2093.82, 2152.61, 2219.51, 2304.47, 2435.70